100
2 1 2
3 2 2
1 10 1
1 10 2
10 10 2
9 5 6
6 9 6
4 5 6
10 10 8
4 9 2
5 7 5
2 10 1
2 10 4
6 9 6
10 10 4
4 10 4
10 10 5
4 10 2
6 10 8
2 10 6
10 10 2
1 10 1
9 10 9
7 10 1
7 10 7
4 10 10
9 10 9
2 10 4
4 10 2
3 10 9
8 10 6
8 10 1
3 10 9
7 10 1
9 10 1
10 10 8
10 10 4
3 10 3
2 10 1
8 10 6
10 10 6
8 10 10
3 10 9
3 10 1
10 10 6
10 10 2
3 10 9
5 10 1
4 10 10
4 10 4
4 10 2
9 10 9
6 10 8
2 10 8
6 10 9
10 10 1
10 10 5
2 10 4
3 10 6
10 10 8
4 10 6
3 10 9
8 10 2
10 10 6
8 10 6
10 10 2
2 10 6
4 10 6
3 10 9
3 10 6
3 10 9
6 10 10
3 10 1
8 10 6
8 10 4
10 3 2
9 4 3
8 9 4
10 4 2
10 6 5
9 1 3
10 9 5
9 1 3
10 10 2
10 1 2
2 6 4
4 1 2
7 8 1
5 4 5
4 10 1
4 3 1
9 8 7
1 1 2
1 10 3
9 3 4
7 9 4
2 1 9
7 10 10
7 1 8
9 10 6
